"CLAY","ClayLoam","SandyClay","SandyClayLoam","SiltyClay"
"1",0.892857142857143,0.0357142857142857,0.0357142857142857,0.0357142857142857,0
"2",0.892857142857143,0.0357142857142857,0.0357142857142857,0.0357142857142857,0
"3",0.892857142857143,0.0357142857142857,0.0357142857142857,0.0357142857142857,0
"4",0.892857142857143,0.0357142857142857,0.0357142857142857,0.0357142857142857,0
"5",0.333333333333333,0,0,0.666666666666667,0
"6",0.875,0,0,0.125,0
"7",0.892857142857143,0.0357142857142857,0.0357142857142857,0.0357142857142857,0
"8",0.892857142857143,0.0357142857142857,0.0357142857142857,0.0357142857142857,0
"9",0,0,0,0.75,0.25
"10",0.875,0,0,0.125,0
"11",0.875,0,0,0.125,0
"12",0,0.75,0,0.25,0
"13",0.875,0,0,0.125,0
"14",0,0.666666666666667,0,0.333333333333333,0
"15",0.333333333333333,0,0,0.666666666666667,0
"16",0.892857142857143,0.0357142857142857,0.0357142857142857,0.0357142857142857,0
"17",0.892857142857143,0.0357142857142857,0.0357142857142857,0.0357142857142857,0
"18",0.892857142857143,0.0357142857142857,0.0357142857142857,0.0357142857142857,0
"19",0.892857142857143,0.0357142857142857,0.0357142857142857,0.0357142857142857,0
"20",0.892857142857143,0.0357142857142857,0.0357142857142857,0.0357142857142857,0
"21",0.892857142857143,0.0357142857142857,0.0357142857142857,0.0357142857142857,0
"22",0.892857142857143,0.0357142857142857,0.0357142857142857,0.0357142857142857,0
"23",0.892857142857143,0.0357142857142857,0.0357142857142857,0.0357142857142857,0
"24",0.892857142857143,0.0357142857142857,0.0357142857142857,0.0357142857142857,0
"25",0.892857142857143,0.0357142857142857,0.0357142857142857,0.0357142857142857,0
"26",0.892857142857143,0.0357142857142857,0.0357142857142857,0.0357142857142857,0
"27",0,0.666666666666667,0,0.333333333333333,0
"28",0.333333333333333,0,0,0.666666666666667,0
"29",0.892857142857143,0.0357142857142857,0.0357142857142857,0.0357142857142857,0
"30",0.892857142857143,0.0357142857142857,0.0357142857142857,0.0357142857142857,0
"31",0.892857142857143,0.0357142857142857,0.0357142857142857,0.0357142857142857,0
"32",0.892857142857143,0.0357142857142857,0.0357142857142857,0.0357142857142857,0
"33",0.875,0,0,0.125,0
"34",0.875,0,0,0.125,0
"35",0,0,0,0.75,0.25
"36",0.892857142857143,0.0357142857142857,0.0357142857142857,0.0357142857142857,0
"37",0.892857142857143,0.0357142857142857,0.0357142857142857,0.0357142857142857,0
"38",0,0.75,0,0.25,0
"39",0,0,0,0.75,0.25
"40",0.892857142857143,0.0357142857142857,0.0357142857142857,0.0357142857142857,0
"41",0,0.75,0,0.25,0
"42",0,0,0,0.75,0.25
"43",0,0.75,0,0.25,0
"44",0.892857142857143,0.0357142857142857,0.0357142857142857,0.0357142857142857,0
"45",0.875,0,0,0.125,0
"46",0.892857142857143,0.0357142857142857,0.0357142857142857,0.0357142857142857,0
"47",0.892857142857143,0.0357142857142857,0.0357142857142857,0.0357142857142857,0
"48",0,0.666666666666667,0,0.333333333333333,0
"49",0.875,0,0,0.125,0
"50",0.892857142857143,0.0357142857142857,0.0357142857142857,0.0357142857142857,0
